paste of run from console:


List of countries: 
 Mongolia
  0.0 0.0 0.0 0.0 0.0 0.0 0.0 0.0 0.0 0.0 0.0 0.0 0.0 0.0 0.0 0.0 0.0 0.0 0.0 0.
0 0.0 0.0 0.0 0.0 0.0 0.0 0.0 0.0 0.0 0.0 0.0 0.0 0.0 0.0 0.0 0.0 0.038850072 0.
085626592 0.383423798 1.454509033 6.448456354 8.058953518 8.840752266 12.9223303
1 17.1735741 22.05448482 30.27549174 46.03282072 66.96882523 84.16299837 92.5437
6943 106.8296923 120.6945936
 
Russian Federation
  0.0 0.0 0.0 0.0 0.0 0.0 0.0 0.0 0.0 0.0 0.0 0.0 0.0 0.0 0.0 0.0 0.0 0.0 0.0 0.
0 0.0 0.0 0.0 0.0 0.0 0.0 0.0 0.0 0.0 0.0 0.0 2.01914E-4 0.004032303 0.006718503
 0.018649723 0.059572491 0.15029596 0.32744683 0.505809984 0.9306548 2.223450492
 5.302377987 12.10050689 24.94148522 51.07845314 83.37214422 104.8422057 119.176
587 138.8686388 160.1018962 165.5010987 178.5554104 182.9212724
 
Jamaica
  0.0 0.0 0.0 0.0 0.0 0.0 0.0 0.0 0.0 0.0 0.0 0.0 0.0 0.0 0.0 0.0 0.0 0.0 0.0 0.
0 0.0 0.0 0.0 0.0 0.0 0.0 0.0 0.0 0.0 0.0 0.0 0.102780276 0.318010492 0.62934611
 1.069988634 1.833349512 2.198589265 2.62987066 3.102606933 5.643288716 14.21072
341 22.9496504 47.39667326 59.5500915 68.93370547 73.87598526 84.36418744 99.120
39649 100.164076 108.2941099 116.0682988 107.9881104 96.27312391
 
Heavily indebted poor countries (HIPC)
  0.0 0.0 0.0 0.0 0.0 0.0 0.0 0.0 0.0 0.0 0.0 0.0 0.0 0.0 0.0 0.0 0.0 0.0 0.0 0.
0 0.0 0.0 0.0 0.0 0.0 0.0 0.0 0.0 0.0 0.0 0.0 7.95E-5 8.69524E-4 0.001862185 0.0
041613 0.010295282 0.026871597 0.06566403 0.14403465 0.282858668 0.598966884 1.0
75525569 1.6906969 2.762015049 4.258430921 6.365272868 10.74220631 16.69967422 2
4.77048278 30.86748582 37.34786794 45.8433944 51.58195323
 



Original list of countries: 
 Mongolia
  0.0 0.0 0.0 0.0 0.0 0.0 0.0 0.0 0.0 0.0 0.0 0.0 0.0 0.0 0.0 0.0 0.0 0.0 0.0 0.
0 0.0 0.0 0.0 0.0 0.0 0.0 0.0 0.0 0.0 0.0 0.0 0.0 0.0 0.0 0.0 0.0 0.038850072 0.
085626592 0.383423798 1.454509033 6.448456354 8.058953518 8.840752266 12.9223303
1 17.1735741 22.05448482 30.27549174 46.03282072 66.96882523 84.16299837 92.5437
6943 106.8296923 120.6945936
 
Russian Federation
  0.0 0.0 0.0 0.0 0.0 0.0 0.0 0.0 0.0 0.0 0.0 0.0 0.0 0.0 0.0 0.0 0.0 0.0 0.0 0.
0 0.0 0.0 0.0 0.0 0.0 0.0 0.0 0.0 0.0 0.0 0.0 2.01914E-4 0.004032303 0.006718503
 0.018649723 0.059572491 0.15029596 0.32744683 0.505809984 0.9306548 2.223450492
 5.302377987 12.10050689 24.94148522 51.07845314 83.37214422 104.8422057 119.176
587 138.8686388 160.1018962 165.5010987 178.5554104 182.9212724
 
Jamaica
  0.0 0.0 0.0 0.0 0.0 0.0 0.0 0.0 0.0 0.0 0.0 0.0 0.0 0.0 0.0 0.0 0.0 0.0 0.0 0.
0 0.0 0.0 0.0 0.0 0.0 0.0 0.0 0.0 0.0 0.0 0.0 0.102780276 0.318010492 0.62934611
 1.069988634 1.833349512 2.198589265 2.62987066 3.102606933 5.643288716 14.21072
341 22.9496504 47.39667326 59.5500915 68.93370547 73.87598526 84.36418744 99.120
39649 100.164076 108.2941099 116.0682988 107.9881104 96.27312391
 
Heavily indebted poor countries (HIPC)
  0.0 0.0 0.0 0.0 0.0 0.0 0.0 0.0 0.0 0.0 0.0 0.0 0.0 0.0 0.0 0.0 0.0 0.0 0.0 0.
0 0.0 0.0 0.0 0.0 0.0 0.0 0.0 0.0 0.0 0.0 0.0 7.95E-5 8.69524E-4 0.001862185 0.0
041613 0.010295282 0.026871597 0.06566403 0.14403465 0.282858668 0.598966884 1.0
75525569 1.6906969 2.762015049 4.258430921 6.365272868 10.74220631 16.69967422 2
4.77048278 30.86748582 37.34786794 45.8433944 51.58195323
 



Modified cloned list of countries: 
New Country  Jamaica is added at the end of the list.
The details are: 
Jamaica
  0.0 0.0 0.0 0.0 0.0 0.0 0.0 0.0 0.0 0.0 0.0 0.0 0.0 0.0 0.0 0.0 0.0 0.0 0.0 0.
0 0.0 0.0 0.0 0.0 0.0 0.0 0.0 0.0 0.0 0.0 0.0 0.102780276 0.318010492 0.62934611
 1.069988634 1.833349512 2.198589265 2.62987066 3.102606933 5.643288716 14.21072
341 22.9496504 47.39667326 59.5500915 68.93370547 73.87598526 84.36418744 99.120
39649 100.164076 108.2941099 116.0682988 107.9881104 96.27312391

 Russian Federation
  0.0 0.0 0.0 0.0 0.0 0.0 0.0 0.0 0.0 0.0 0.0 0.0 0.0 0.0 0.0 0.0 0.0 0.0 0.0 0.
0 0.0 0.0 0.0 0.0 0.0 0.0 0.0 0.0 0.0 0.0 0.0 2.01914E-4 0.004032303 0.0 0.0 0.0
 0.038850072 0.085626592 0.383423798 1.454509033 6.448456354 8.058953518 8.84075
2266 12.92233031 17.1735741 22.05448482 30.27549174 46.03282072 66.96882523 84.1
6299837 92.54376943 106.8296923 120.6945936
 
Russian Federation
  0.0 0.0 0.0 0.0 0.0 0.0 0.0 0.0 0.0 0.0 0.0 0.0 0.0 0.0 0.0 0.0 0.0 0.0 0.0 0.
0 0.0 0.0 0.0 0.0 0.0 0.0 0.0 0.0 0.0 0.0 0.0 2.01914E-4 0.004032303 0.006718503
 0.018649723 0.059572491 0.15029596 0.32744683 0.505809984 0.9306548 2.223450492
 5.302377987 12.10050689 24.94148522 51.07845314 83.37214422 104.8422057 119.176
587 138.8686388 160.1018962 165.5010987 178.5554104 182.9212724
 
Jamaica
  0.0 0.0 0.0 0.0 0.0 0.0 0.0 0.0 0.0 0.0 0.0 0.0 0.0 0.0 0.0 0.0 0.0 0.0 0.0 0.
0 0.0 0.0 0.0 0.0 0.0 0.0 0.0 0.0 0.0 0.0 0.0 0.102780276 0.318010492 0.62934611
 1.069988634 1.833349512 2.198589265 2.62987066 3.102606933 5.643288716 14.21072
341 22.9496504 47.39667326 59.5500915 68.93370547 73.87598526 84.36418744 99.120
39649 100.164076 108.2941099 116.0682988 107.9881104 96.27312391
 
Heavily indebted poor countries (HIPC)
  0.0 0.0 0.0 0.0 0.0 0.0 0.0 0.0 0.0 0.0 0.0 0.0 0.0 0.0 0.0 0.0 0.0 0.0 0.0 0.
0 0.0 0.0 0.0 0.0 0.0 0.0 0.0 0.0 0.0 0.0 0.0 7.95E-5 8.69524E-4 0.001862185 0.0
041613 0.010295282 0.026871597 0.06566403 0.14403465 0.282858668 0.598966884 1.0
75525569 1.6906969 2.762015049 4.258430921 6.365272868 10.74220631 16.69967422 2
4.77048278 30.86748582 37.34786794 45.8433944 51.58195323
 
Jamaica
  0.0 0.0 0.0 0.0 0.0 0.0 0.0 0.0 0.0 0.0 0.0 0.0 0.0 0.0 0.0 0.0 0.0 0.0 0.0 0.
0 0.0 0.0 0.0 0.0 0.0 0.0 0.0 0.0 0.0 0.0 0.0 0.102780276 0.318010492 0.62934611
 1.069988634 1.833349512 2.198589265 2.62987066 3.102606933 5.643288716 14.21072
341 22.9496504 47.39667326 59.5500915 68.93370547 73.87598526 84.36418744 99.120
39649 100.164076 108.2941099 116.0682988 107.9881104 96.27312391
 


Done with TestCloneableCountryList.
